24018000
00014000
05089828
250A4008
2508C020
24018000
00030000
05084000
04089820
21202001
251AC038
20030000
24010000
20014000
21084000
21202000
050AC208
250AC028
2408C028
2508D028
251AD008
01084008
01202001
00030000
04010000
0008D820
25084028
01202000
0108C020
2001C000
04081820
00030000
20004000
04081820
251AC038
00004000
04080820
00030000
21202000
24014000
04010000
250A4028
04030000
04089828
24084028
00014000
01004020
25084028
04081828
04014000
04084800
050AC808
04014000
0001C000
25002000
24014000
20014080
04284028
00030000
0401C000
04034000
00014000
04084028
04089820
20014000
250A4028
04081800
24018000
21200000
00030000
2108C028
0001C000
2001C000
24010000
04018000
04089808
04084820
00014080
00014080
24014000
2401C000
250A4008
01202000
20014000
04014000
05081820
25204008
2108C020
2512C0B8
20004080
24018000
04089820
2508D028
20004000
20014000
04004000
050AD028
2108C000
04081820
00030000
04010000
2108C020
250AC038
2512C098
21222000
20014080
050AC008
2108C000
04081828
20014000
25084028
20014000
250A4008
25002800
05188028
04089800
051AC038
20034000
00014000
050AC028
01084020
00004000
04084028
2401C000
04014000
0108C020
24004008
00004000
04084828
04010000
04018000
20034000
25202800
051A5038
250AD828
2108C000
20014000
21202000
25085028
21202001
0408C008
00014000
00004000
2512C0B8
04030000
04089800
20014000
2408C008
250A8028
04081820
05084008
05004028
24008000
251AC0B8
00004000
2508C000
24004000
050AD028
04090000
24030000
21202000
04089820
21202000
250AC228
0108C020
2108C000
25124038
00014080
04084820
04088800
00004000
00004000
04014000
2001C000
00014000
24014000
04085800
04081820
21202000
00034000
04014000
00004000
20004000
251AC0B8
0401C000
04080820
24004000
00014000
04085800
24084008
01002000
04089800
04014000
2108C020
04089828
05089828
04008000
04085800
2108C000
05202000
00004080
251AC038
00030000
00014000
05024008
250AD028
2001C000
21202800
2001C000
050AC028
0512C0B8
04085820
01202800
050A5028
25002000
25202000
2508D028
0512C0B8
04004028
2502C038
20004000
24084028
0108C008
0100A800
04085820
20014000
25124038
0408D820
251A40B8
05089828
05185028
0001C000
04084028
20202000
20004000
251AC038
00014000
04014080
050AC028
2001C000
0401C000
0001C000
2401C000
00014080
04030000
21202000
04014080
251240B8
04081808
050AC008
04014000
0408C820
00014000
2108C000
050A4828
2508C000
00014080
0408D820
00034000
00014000
0408D800
04010000
0108C020
250AD028
24010000
25084028
24014000
04081820
04084820
21002000
04014080
20014000
24034000
0408D820
25002800
251A4038
05002000
24084028
04014000
0408C028
250AD028
0001C000
21084020
0408D820
00010000
24084828
24284028
04084008
0518C008
250AD028
01002800
24010000
04018000
04081800
2108C020
04081828
24084028
050AC008
04089820
0408C008
050AD028
04084028
05085800
04084820
00014000
2401C000
00030000
04081820
21002801
05084820
24010000
01202000
00014080
05081828
04081820
25089028
20014000
04018000
04081828
20014000
05084008
05084028
20004000
0408C800
04085800
04085820
20014000
050AC028
24000000
00030000
00030000
25222000
00014000
2508C020
00030000
251AC0B8
25089028
00014000
251AC0B8
0000C000
050AC008
04089800
00030000
2512C0B8
050AC028
04089828
20014000
0408D820
20004000
04010000
20014000
24030000
04010000
250AC028
00004000
00014000
24014000
00034000
21084000
00014000
04030000
051240B8
251A9028
0108C020
00014000
0108C000
04030000
20030000
241A40B8
04088820
2512C0B8
04010000
050A9028
04010000
24010000
00034000
00014000
04081820
20004000
00014000
20004000
2401C000
00014000
04014000
20014000
251AC0B8
21002000
04089808
04010000
00014000
04089800
20014000
21202000
04081828
04084820
00014000
04081800
00014000
04081820
050A5028
04085800
20014000
2508C000
24084028
21202000
250AC028
04085820
2001C000
2512C0B8
04090000
20014020
050A1828
04089808
04089800
01084000
25202000
20014000
20014000
04000000
04014000
00004000
20014000
01202000
24014000
25002000
20014000
04010000
250AC028
20014000
24014000
2508D028
00202001
20014000
2001C000
051AD098
04008000
051AC0B8
25084028
00014000
21022000
24090000
04014000
2108C020
04081820
250AC0B8
24098000
04081820
01202001
050AC008
21202800
00030000
24010000
0108C000
24010000
04085800
00004000
05084020
04018000
050AC028
04090000
00014000
24014000
20014000
20014080
04014000
00004000
20014000
0001C000
04010000
250A4028
00014000
0401C000
050AC038
04014000
05085820
051A4018
0512C0B8
04004008
04081820
00014000
051AD028
04081800
2108C020
04088820
250AD028
21002000
04010000
05081800
24084028
24018000
20014000
0108C020
051A40B8
04098000
04084028
04081820
20018000
050A5028
0401C000
2108C020
00014080
00014000
25084020
04084028
20014000
00034000
20030000
050A4828
20014000
00014000
20014000
21084020
0001C000
2108C000
20004000
20014000
2001C000
00004000
24090000
250A4028
04080820
04081820
0512C0B8
00014080
20030000
04081800
04000000
250AC028
00004000
04014000
05089820
25081028
250AC008
00085820
00014000
00014000
24010000
00014000
00014000
2508C028
04030000
00014000
04030000
04081800
051AC038
0108C020
01202000
04084008
251240B8
20014000
04014000
20014000
05089028
0108C000
25089028
00004000
040AC028
01002000
24014000
20202000
04014000
20014000
00004080
04081820
04014000
25124028
2001C000
00014000
04081828
0400C000
0401C000
051AC0B8
25124038
21084000
04084028
20034000
00014000
250AC828
04089828
04014000
04018000
04081800
2108C020
00030000
24030000
04010000
04089820
0408D800
20202000
24084028
00004000
04081800
21202000
04089808
04089828
05189028
0001C000
01084020
00014000
04080820
04081820
04018000
00014000
2001C000
20202000
00014000
0512C038
250AC208
00004000
2508C000
00014080
250AC028
00014000
251240B8
24084028
04081828
0001C000
04090000
00004080
250AC028
04081820
01202000
04090000
25084028
04084008
2001C000
2508C028
00014000
250AC828
05080028
04084800
00014000
250A9028
0001C000
05080820
2401C000
00014000
21222000
0512C018
05202000
2108C020
250AC028
04014000
05089820
04085820
00014080
04081828
00004080
20004000
2001C000
20034000
00030000
04030000
00014000
2108C028
0512C038
251240B8
20014000
20014000
250AD028
00014080
2001C000
24084028
050A5028
21084020
050A5028
0001C000
25005028
240AC008
051AC0B8
24088000
20004000
24014000
04084028
050A9028
04084028
2001C000
04014000
04089828
00014080
20014000
04014000
04030000
050AD028
051AD808
04014000
00014000
0512C0B8
04030000
00004000
250A4008
250A1008
24084008
04084028
00030000
20014080
0408C028
25084028
251AC0B8
0000C000
04084008
04089800
00014080
250A0008
00014000
20014000
05124098
24084028
24018000
04085800
04085800
050AC008
00034000
04014080
251AC028
25088028
04081800
20004000
04081800
2001C000
00014080
20004000
20014000
04014080
0001C000
04014000
04010000
00014000
01084000
20014000
2108C020
20004080
0408D820
0001C000
04089800
04089800
040AC008
04080820
240AC008
04089828
05189028
2508C000
20014000
00014000
24084000
250AC028
250AC008
20004000
00014000
250A5028
0428C028
04018000
2508C020
250A4008
0108C008
00014080
25202000
00014000
25084020
25202800
20202800
01202000
20014080
050A4A08
25202001
04088800
0408C008
21202000
04014080
00030000
04081820
0508D800
20030000
05081820
25084000
24084028
21202000
0108C000
21202000
050AD028
00034000
01202000
00014000
050AC028
04081828
04010000
00014000
0001C000
24030000
00004000
04081828
04089828
0512C0B8
251A9028
04014000
0508C028
05089820
251AC0B8
20014000
251240B8
05089820
00014000
2108C020
04081820
24030000
04018000
20014000
04014000
24014000
00030000
00014080
050A4028
20014000
050AC028
00014000
04085800
05081820
04085820
00004000
2108C020
21202000
25005028
04084008
04088820
04030000
2508D028
20030000
20014000
05089028
04089820
21202000
0408C028
050A9028
20004000
050A5028
04014000
00034000
2001C000
2108C028
24018000
24010000
20014000
04081828
24014000
04085800
2108C020
0408D800
20014000
050AC008
00014000
00030000
00004080
2408C028
251A40B8
2508C020
00014000
24014000
21202000
250A4008
01002000
21202000
00010000
21002001
250A4828
24084008
21202000
00004000
04081820
00014000
21002000
2001C000
0502C028
00034000
04014000
04008000
04010000
00014000
20030000
04014000
251A40B8
20030000
050AC808
04014000
00014080
20004000
00014000
0001C000
00004080
04004008
20030000
05084028
04010000
00014000
20014000
04089828
21202001
00014000
20004000
20014000
04085800
051A4038
0108C020
04081828
00004080
20030000
04010000
2508C028
2128C020
0408C028
2108C020
24084028
051A9028
01084020
04089820
251AC0B8
21084020
2001C000
04084008
050AC008
04084820
250AC028
251A9028
0508C020
04014000
20018000
00014000
04014000
20014000
2108C000
251AC098
250AC028
00014080
2512C0B8
2512C0B8
24014000
251AC038
0408D800
00014000
24014000
050A4008
0408C028
04080820
04089820
0508C020
00014000
2108C020
00010000
250AC028
04014000
01202000
2108C028
00030000
040A4008
0512C018
000040A0
20004080
251A4028
0408D820
04010000
24014000
00004000
20014000
0409C000
20014000
21202001
24018000
01202000
20014000
00004000
00004000
04085820
24030000
04081820
250A4828
04014080
2100A001
20004000
20014000
2128C000
20014000
051AC038
24014080
05084008
0408C820
00014000
00004000
00014000
25084008
00004000
00014000
250AC028
04084820
050AC028
01202000
04014080
00010000
050A4008
250AC828
24010000
